,666,ΣgØ,"* Erm, could it be a Spatiotemporal ShockWAVE Syndrome...?",MAYHEM,VVelcome!!,ΣmbryØ,*Feels Seasickness...*,FIN4LE ～終止線の彼方へ～,HE4VEN ～天国へようこそ～,I,iLLness LiLin,WHITEOUT,Xronièr,Lachryma《Re:Queen’M》,777,αzalea,Bad Elixir,Chronomia,onslaught -Retaliation of Bahamūt-,VALKYRIE ASSAULT,ディスコルディア,ドゥサンコオデッセイ!!,9TH5IN,ANGER of the GOD,Calamity Tempest,Daisycutter,ENDYMION,Ghost Family Living In Graveyard,Lancelot ～Flame of the Rebellion～,Lisa-RICCIA,LubedeR,ΛΛemoria,†:OLPHEUX:†,OUTERHEΛVEN,Redshift 2nd Ignition,ЯeviveR,TENKAICHI ULTIMATE BOSSRUSH MEDLEY,THE凸GENERATOR,Trill auf G,voltississimo,Xroniàl Xéro,θコトノハθカプセルθ,色を喪った街,卑弥呼,飄える翼追い掛けて,A Lasting Promise,Absolute Domination,Awakening,BELOBOG,Chrono Diver -PENDULUMs-,Cross Fire,Deadly force,Dyscontrolled Galaxy,Elemental Creation,Failnaught,Fin.ArcDeaR,Fly Like You,FREEDOM DiVE,GERBERA-For Finalists-,GODHEART,Immortal saga,KAC 2013 ULTIMATE MEDLEY -HISTORIA SOUND VOLTEX- Empress Side,Last Resort,Sailing Force,Staring at star,TWO-TORIAL,Xéroa,セイレーン ～悲壮の竪琴～,逆月,INF-B《L-aste-R》,FLOWER,Got more raves？,きたさいたま2000,極圏,ΑΩ,Blastix Riotz,DIABLOSIS::Nāga,Everlasting Message,FLügeL《Λrp:ΣggyØ》,KAC 2013 ULTIMATE MEDLEY -HISTORIA SOUND VOLTEX- Emperor Side,Lord=Crossight,Preserved Valkyria,XyHATTE,月光乱舞,Innocent Tempest,IX,ラクガキスト,音楽 -resolve-,Booths of Fighters,For UltraPlayers,INSECTICIDE,Quietus Ray,Verse IV,バンブーソード・ガール,Bangin' Burst,Black Emperor,BLACK or WHITE?,Growth Memories,snow storm -euphoria-,XROSS INFECTION,大宇宙ステージ,Ganymede kamome mix
666,1.0,0.584033280784851,0.4980774030301494,0.536392754171059,0.5800173214225148,0.5556459138299047,0.5314157757622526,0.5424353785145741,0.503850263794127,0.38523288492365304,0.5210929003874221,0.4899026264311992,0.5351023680522509,0.47781225335966027,0.4399992368246137,0.5093020128722487,0.4464840284306326,0.3437473626347496,0.45065384671976916,0.4089543795324185,0.4935612059719373,0.5133239047912412,0.4902884080845332,0.4624089452471962,0.4667544875266633,0.33641844104331964,0.44422032385579757,0.5087507623816416,0.5132332193037679,0.47315096650245225,0.42291607141950804,0.48149286485637016,0.4828150218995046,0.48188363259601613,0.4528173260028483,0.5367705791300151,0.5134014375750413,0.517682385388397,0.4799569898683348,0.5177966633251421,0.5071776791517306,0.5104176987608341,0.5166736442270264,0.5299706929355028,0.47289159899631433,0.4521417990379577,0.5187304767915726,0.49175453087935606,0.5260903814495488,0.4962877325293119,0.47640194118437373,0.4766885997450438,0.5262720784952335,0.4647039569600723,0.5053136595754054,0.4612120789575942,0.5033411039621012,0.4838189957790519,0.509679579515968,0.4450600433006886,0.43701518393941935,0.48356457811086945,0.4836504141666471,0.44359052216960515,0.4499403337614193,0.4841101645834355,0.5244375223734625,0.49284535654720185,0.48531623341095437,0.5044605213417318,0.4571024943876831,0.4485453546567185,0.4247280570435271,0.4605029850627517,0.4930153564236506,0.47692314456555784,0.43570038172642245,0.46687468577629,0.5142953981711402,0.46317020405307624,0.4584838782857457,0.4977295139630103,0.4853989747670452,0.4467888168855494,0.4581474702066852,0.46311451017713856,0.47725820181517914,0.4759524340678999,0.4757939979023578,0.5053254560446738,0.4802680649359974,0.48555384044137817,0.5019746332219844,0.4784698484562778,0.49684461969800137,0.49892798340779787,0.4800631969670267,0.42306138769040696,0.472211653679564,0.45694190530281403,0.4187401724428085,0.46767243180798285
ΣgØ,0.584033280784851,1.0,0.4811539327078458,0.5529728639911451,0.5958500093365136,0.6418164549874563,0.5419057423321143,0.5848832058396255,0.5745075385891607,0.3934339895379704,0.5673951748986263,0.5625359914319531,0.5887523874624337,0.5236430682965422,0.40976605515826114,0.5519550286152654,0.48133892961608254,0.34651515256774207,0.4553593418347127,0.4235154372058142,0.520577420385163,0.5546236144274196,0.5452706067678333,0.507353948035848,0.4929109589241439,0.2735189241975306,0.4720027030301576,0.5052924431269152,0.578387310123658,0.4887654950047201,0.4341077316342659,0.5130038043536752,0.5070469043922888,0.5171209840643886,0.47730660199954816,0.5479883186758889,0.5107951166062555,0.595219968623843,0.5194398894998473,0.5764753822520361,0.5164195259095172,0.5875179024663657,0.5140303474797604,0.580475293200953,0.4781694448993125,0.46183782475145785,0.5727243715255528,0.5520151632219653,0.5745948508152041,0.5805676648381173,0.49444570781649644,0.5340328309233882,0.5734324722313703,0.5359964578420767,0.5779480588361434,0.5514527173217173,0.5695496419883582,0.5561371894085204,0.5236942871789537,0.4765878844055163,0.49450049445838395,0.48445623082965394,0.5567281356953423,0.5066686405194889,0.5148750713907847,0.5471731188575316,0.56711348182474,0.539779580882847,0.5465507873606268,0.5385090377649909,0.5348044769169301,0.5033834639436445,0.44730421517954394,0.5254170441995187,0.5358329152512443,0.4912092040819378,0.4390018837479795,0.4933487209083988,0.5169164915202504,0.4825375868441487,0.5107917644371656,0.5730167366799932,0.5168045380630204,0.5012071610898403,0.48932284626181155,0.5146397237694723,0.5472715404729377,0.5187160717155258,0.5086309704355497,0.5589123288754864,0.5572189000163374,0.5393351942617992,0.5489579862477594,0.5247233094357685,0.5500450460700526,0.5361531332494281,0.5289995502633532,0.4623678654974139,0.538117763904311,0.5295613972956847,0.47776026408364736,0.5182632635001492
"* Erm, could it be a Spatiotemporal ShockWAVE Syndrome...?",0.4980774030301494,0.4811539327078458,1.0,0.43140464087141656,0.44615338359602713,0.45430970815419314,0.5194385901451251,0.45865125486589264,0.43980486882694453,0.34755467463429696,0.4325890195365551,0.3945189557478582,0.4341657040820873,0.41000735573622893,0.37988736101523096,0.4485574317356769,0.37102002424620273,0.30090142044834256,0.3676785977745288,0.3903626644223999,0.42893775661800304,0.4381157129219444,0.37365445060898395,0.36809708913359496,0.37027081712476717,0.30770151036557136,0.5012877009705902,0.43283093397816375,0.4234329156060466,0.40916799496117706,0.39242913323542716,0.3913443843180768,0.38980272329512916,0.3808463884546498,0.39471108936798976,0.4176376136081973,0.4054738937082858,0.4262901489216874,0.3925893634736069,0.4292420687350627,0.4019068948739349,0.38448259192483797,0.42133236240041927,0.4732454839301009,0.3720478344730817,0.3664732596539695,0.444054514859815,0.39359861007162206,0.45560613832619584,0.4072486387893731,0.4014605821942322,0.3775070307859109,0.44926612168304264,0.3743889672175056,0.41590001029312673,0.39307556927959975,0.41065794180093956,0.382722958976792,0.38668441069484033,0.3589587961941411,0.3471340833762392,0.4192672822432586,0.3792954493374309,0.3569404900041054,0.3510290032831657,0.41348288959149115,0.4209694896136527,0.4295354229165306,0.3859954987066763,0.4138109476322031,0.4078021498797384,0.3813993142183434,0.34029412027578093,0.4098624527595781,0.43135858120048903,0.40608494688386476,0.34894010297579614,0.3901759095780609,0.48196865378551096,0.46385438913536153,0.37244547999472083,0.43794580764447244,0.4172591652883066,0.4208229925629339,0.3706335291293745,0.3497350523753223,0.3713156261772967,0.43025681564354806,0.39378436789579685,0.40038867226898295,0.4113574496051144,0.40648477992684456,0.40523753577281657,0.3978080075855139,0.4222967548794533,0.4396250901153006,0.4329250896054276,0.36179766945120495,0.40106771108801875,0.40096500402912744,0.3967737539074551,0.4347976873437312
MAYHEM,0.536392754171059,0.5529728639911451,0.43140464087141656,1.0,0.5790103624964927,0.5283686676998173,0.4970236692767736,0.5208611499424914,0.5090064224867846,0.4016523422800983,0.52595386825063,0.5018193457751723,0.5421853795498155,0.48705384338265745,0.44848115258702753,0.525564557377563,0.4680764119328623,0.39099473196609486,0.48028318048409857,0.4259187086482257,0.5106259637312127,0.5293624418901967,0.5072345736034087,0.4783925981194006,0.5008939527996444,0.33939187876138877,0.4242886880839089,0.47584078413580405,0.4802920907759631,0.5022469551931502,0.44973241402080877,0.5105512796426595,0.5230343745591026,0.47931240740738074,0.4797090549111186,0.500433677322461,0.4846567923401351,0.5036465873431041,0.49095754340299885,0.49541631062520225,0.5136149307363445,0.5161447987208243,0.48789651072941914,0.51506498549607,0.4860528689198515,0.44096570685744885,0.5039973242254938,0.487321773359848,0.4924239003110092,0.4773803307396111,0.4904523366817916,0.4833318163949455,0.5218390830417414,0.4783359078040196,0.485111419440416,0.47980833972674464,0.4793067897052982,0.5054468278297228,0.4922525464931487,0.4483266225022459,0.47527986814015427,0.46264262214960167,0.5391862790349414,0.46725155293832626,0.4994978125850458,0.5118583119281394,0.496171549004008,0.47536893022011756,0.47342547856677064,0.5193733862944827,0.45472190423678904,0.47152701838290756,0.46813361979135043,0.48893175617478923,0.48144395066484186,0.47748016808301225,0.4570276488745061,0.4805896821970385,0.4718147714566426,0.45529919108212896,0.4550498703092446,0.48302586821053584,0.4869414850848662,0.4552313742569992,0.45426992334732974,0.511105546077525,0.5199381390762378,0.4630177629503651,0.45688951316145676,0.5094378752265274,0.4876606266846532,0.47257501657448964,0.5149125072168027,0.4685086360955428,0.49065204784538224,0.48639693064995143,0.464586712227819,0.4665167942149054,0.5079200771746306,0.4902435293775951,0.42095150117491414,0.4346424882243791
VVelcome!!,0.5800173214225148,0.5958500093365136,0.44615338359602713,0.5790103624964927,1.0,0.5709568559723761,0.5107733253754918,0.581646345467241,0.5545382191390521,0.38806563238173725,0.5758452385568494,0.5739848132302865,0.5377425574057407,0.511106450635253,0.3840957989953094,0.5566035925917402,0.49040308019289613,0.35151808814033036,0.48604577572699204,0.4045225170044341,0.5663890646662063,0.5950054126740443,0.5549256338565344,0.47470275272156265,0.5065652234385282,0.2897306949125731,0.42360768488050077,0.46707736180599513,0.5535122665967918,0.4717168223648058,0.42019852441940425,0.5194184615675448,0.5557248436509458,0.49376584700352005,0.5188081472075812,0.5498332748810179,0.4849446529135412,0.5786891957491838,0.49919696748776726,0.5049191355313082,0.5616675582203352,0.5891375346724339,0.5281618933240109,0.5795198360609602,0.5005875755234402,0.44319856406729885,0.5453670097593839,0.5660215121048725,0.5252389958198115,0.5409894772692393,0.44057890257391713,0.5322924238208988,0.5656679329861674,0.4947229624623784,0.5162526719345509,0.5234446589516883,0.5699648009592404,0.5538261566301698,0.5310976187196619,0.4496361967885488,0.4924439277331857,0.43562238943918696,0.5396664111655453,0.5108780251453715,0.5198701886624169,0.5020482644879858,0.56118768334353,0.5080626118105707,0.5056559685558022,0.5602365126913239,0.4734090092677026,0.4622651481895644,0.4141107577279618,0.4881669801536084,0.49274208251847335,0.4808953387557911,0.4308441234313543,0.47451226971707655,0.49661568492898095,0.44446375467984933,0.4962845244488275,0.516888158021178,0.5202997199338324,0.4421596393546356,0.4668059115451726,0.5534424357012249,0.5267264222555309,0.4677060545135855,0.4760917296992754,0.5331003662441894,0.47907143778069955,0.5129054183334538,0.5286409613441572,0.507387302326023,0.5000636955249883,0.4918253162730933,0.4791603946421681,0.4305755706688393,0.5235561158658183,0.47849642500784423,0.44490885774139927,0.4632075567383849
ΣmbryØ,0.5556459138299047,0.6418164549874563,0.45430970815419314,0.5283686676998173,0.5709568559723761,1.0,0.5341445300057368,0.5910672138777299,0.5839408158598152,0.37221255625564237,0.5730346598224829,0.5660042272705895,0.5979117561575429,0.5315785454298688,0.3803469746786563,0.5168156658902306,0.45415530708680146,0.32551338734865715,0.44248058863282713,0.4037980608357792,0.5078695958224718,0.5410445417736572,0.5015581701490424,0.472190330370335,0.46224215982507366,0.26353136165309266,0.4482488217659978,0.4582731096197199,0.5276085613665751,0.4503883988653087,0.39985943563505405,0.4785244213215586,0.47489065655259877,0.4635610419691738,0.4456704898397894,0.5044716641547291,0.4733463525952252,0.556856682277172,0.47393731587329313,0.5179833811900281,0.5010297886811187,0.5315704892070472,0.4658537980827054,0.5551650932552031,0.4445486388056824,0.42991891243896324,0.5422634713609901,0.5253811057708444,0.5595896978667508,0.5644572724336178,0.48310908613290804,0.5246831280341475,0.5756724799412318,0.5284266188951069,0.5351418298406808,0.5412002268988592,0.5531398173661493,0.5504420875042028,0.4985955877296193,0.452395687875311,0.4787865266248824,0.47854334788488145,0.5240868897936759,0.5192022236508091,0.514676424053384,0.5273171724392549,0.5583436520857429,0.5262802742991682,0.5162478406314385,0.5104975188343427,0.5193918900912645,0.4857889860472441,0.4218916432646633,0.5185208359885173,0.5414236190750754,0.4796324770511262,0.4461644416364423,0.49507185852456237,0.5087661492315936,0.46521732351666306,0.5144508993243498,0.5494774294969597,0.5040262637355596,0.513246333757509,0.4547693234440165,0.4808243116579434,0.4974308658384785,0.4738478630014576,0.5017517353443489,0.553414075619885,0.5251926995256823,0.5340384813814524,0.5353555459124607,0.5039698507244654,0.5430036934062,0.5338365183164276,0.5160141360897252,0.4561332373394097,0.5425971881164898,0.5165629274269468,0.47816616361073533,0.48719974807908856
*Feels Seasickness...*,0.5314157757622526,0.5419057423321143,0.5194385901451251,0.4970236692767736,0.5107733253754918,0.5341445300057368,1.0,0.5151878501144314,0.5215867304209084,0.36541333341115717,0.4827290097461801,0.46749731778877945,0.5196625859339074,0.45645514964222855,0.3819518108341226,0.5214786338833237,0.41522953202592,0.3571002915872746,0.40570914282723936,0.4088663891004881,0.45913580814059096,0.4619608859967137,0.42786524313271984,0.4369163998026103,0.4133319248502019,0.3423566267334682,0.47379641417851703,0.4937850435091388,0.4828668463803802,0.40683178654599306,0.44625890507898586,0.443197928081139,0.4321837307799693,0.42532098594975853,0.4251914633423015,0.43387055973565386,0.4519437345695766,0.48492069977618063,0.41301860841246113,0.4670171693298554,0.4422774659566183,0.4295627380145755,0.46958364875766445,0.5003316503413571,0.4285699022799484,0.3836169253197137,0.5014557800768789,0.4595088550817695,0.503840633559713,0.4727985016956167,0.4587510091430649,0.43992229301372066,0.5049432422015797,0.4180782848061455,0.487968799108453,0.4353390280966477,0.4890520500993698,0.4534144553879676,0.4431824826072257,0.44220790502547025,0.3899252971638172,0.46231227078788806,0.44169387396994436,0.4304147739496955,0.41788148311269885,0.4740880770983398,0.49862151515744524,0.5033544103824859,0.45363962768629806,0.4593145301128098,0.46193069157505,0.439484517501534,0.40205373645964865,0.4356200377732916,0.47026013251007265,0.41469286063027144,0.41594775707842035,0.45255328688903423,0.5346514386254652,0.4891037776038527,0.4385314916107307,0.4830935094548411,0.45106923752534184,0.4735004689277365,0.4530685514534168,0.41084394249540984,0.4388699636986745,0.48099952799804574,0.47776396215291467,0.48265348512549855,0.4528564341120116,0.47038104146586507,0.46163066635065436,0.4399701884438885,0.46947714119795414,0.45484292731551557,0.4808774118178276,0.4263937251346966,0.45621398743232655,0.4529548157771876,0.3817014455839761,0.45153949457523357
FIN4LE ～終止線の彼方へ～,0.5424353785145741,0.5848832058396255,0.45865125486589264,0.5208611499424914,0.581646345467241,0.5910672138777299,0.5151878501144314,1.0,0.5958511872695278,0.36371538205672366,0.589879817947842,0.5992251612557363,0.5589378559273921,0.5509758607496963,0.37093888266687847,0.5133595467846603,0.47875102461360836,0.3201974803406192,0.4406305443011356,0.4055724365547632,0.5180380582659772,0.5624268132119804,0.5000597249690649,0.4312287146534722,0.48777908562485023,0.29145970240988034,0.4291958401129826,0.4280981585582632,0.5473547551434881,0.44901359630384635,0.38093648071512304,0.49249058916991056,0.4988728894431194,0.4848496578192322,0.4736876461892014,0.5111251503370969,0.480983974808819,0.567147872248877,0.467898715415309,0.4945293230925698,0.5138024746415167,0.5222090673010146,0.5012638854062852,0.5517511446413355,0.48467890597702107,0.4530510276919076,0.5452714412139236,0.5511895120289854,0.5477457403364805,0.5400532756159525,0.42561306710677654,0.5340097220896738,0.580154597055446,0.4734157962631997,0.5133231774972571,0.523125166589677,0.5566378624306295,0.5357585174360963,0.5335544309944865,0.4292982920232022,0.48938397100455894,0.4795081428714672,0.5105750281253525,0.531315560155937,0.5079296879545657,0.5190444753324597,0.5493271713316349,0.529280950293866,0.49060175794550837,0.5131969811531977,0.48478850707286414,0.45281013210415605,0.3935250566648717,0.5012078221856936,0.513059053563599,0.4861941835341132,0.4158165303152877,0.48689366494755565,0.5401452091195149,0.46586447754825183,0.4987998540951435,0.5456332643490928,0.5306114401571778,0.4659433187506942,0.440516729885627,0.4899510937518354,0.48379600941844914,0.4408582805547364,0.46416196374476276,0.5198876891025103,0.478252107271387,0.5541712623652625,0.5429562140894262,0.5202032424475381,0.513206216232665,0.5145988943030165,0.48172926306919744,0.42423269602328034,0.5182003231049347,0.4915062879797966,0.447673065072358,0.4842876494118329
HE4VEN ～天国へようこそ～,0.503850263794127,0.5745075385891607,0.43980486882694453,0.5090064224867846,0.5545382191390521,0.5839408158598152,0.5215867304209084,0.5958511872695278,1.0,0.34203368102543,0.6195941791181035,0.6026032595539295,0.5509750446299178,0.5600750421640956,0.3137468397860156,0.53391957111738,0.43372428286665154,0.28930355576858885,0.39755444243878196,0.38245291073227916,0.4862896745006126,0.5563370523272141,0.47310569649489226,0.43198113024152,0.44185812721443724,0.24782100746770522,0.44615207799476625,0.40303386012567016,0.5068592344052526,0.443150666245466,0.3829332039473595,0.45508726414124856,0.47342149470669326,0.4338591033257693,0.4378823897034217,0.4682923650273738,0.4385089893624895,0.5344198237550059,0.44536446378889594,0.4759377666140143,0.4912204499244038,0.5062785613387699,0.46000505029357147,0.5445699947628972,0.42877628396541523,0.39612317400096836,0.5314360248643285,0.5059351149238291,0.5388733227473536,0.5567840220377301,0.404365485081415,0.5088714522746772,0.5846567462978285,0.4706164652368544,0.4799218080960104,0.5412399642909497,0.5408355201981428,0.5423694402867201,0.47189028773943487,0.4096049668631107,0.46620703680127074,0.41750913748263085,0.5063314096110897,0.529897064944732,0.5232560020965717,0.5226818299913434,0.5340306205869622,0.5345867639136856,0.4814950234809771,0.48899513568495384,0.5066283581564935,0.45749626909233715,0.3816434132313338,0.5324852766571392,0.5358104320886649,0.48344599478700484,0.42790825065229304,0.505006850504517,0.5206024071154056,0.45643835809561223,0.5476318526061129,0.5608957301897833,0.5311717616856141,0.5206891957207384,0.4248695405472791,0.4710923844292548,0.4680041727672279,0.43113966622840033,0.4748909963526043,0.5107546632225964,0.4793012185497909,0.5112106626352357,0.519736007288184,0.4893994935541696,0.5343485274089731,0.5272573606755634,0.5266621018564228,0.4380145988561389,0.579447883329599,0.528845862071234,0.4660572177347656,0.4939217569988264
I,0.38523288492365304,0.3934339895379704,0.34755467463429696,0.4016523422800983,0.38806563238173725,0.37221255625564237,0.36541333341115717,0.36371538205672366,0.34203368102543,1.0,0.3092437326724132,0.32394621168221116,0.3630323653536617,0.32820034143955806,0.43421946610733136,0.5173524069354178,0.49049119038953687,0.4279745574223015,0.4252415110322547,0.9993295472777604,0.45462447729366495,0.4913326238637617,0.4054541235693186,0.4066518108726335,0.43035829984194807,0.33199377286766124,0.35092638802065357,0.4146371401998801,0.39804366890944026,0.5125046678915358,0.40968380845165153,0.4301202099018658,0.435690212913385,0.41782321845027603,0.47942423626161673,0.4053490984111748,0.36424481806735864,0.3846519039115158,0.3878992768505538,0.4180879719944937,0.41279190601504745,0.3834044277069919,0.4378690130448575,0.4151840039949043,0.4513148630075675,0.30713485587892697,0.3973279131241319,0.3812791521086904,0.39893213813712225,0.365775304961564,0.35149334923964665,0.35722061734158034,0.344187861081045,0.3708820134302111,0.41162566632209796,0.35442991897644704,0.3672107678781859,0.35172245491043275,0.3676132549857103,0.3775676530202138,0.3470789090630096,0.3804813979092281,0.36086857027139113,0.3263284784882521,0.3448141795132317,0.35307515935445605,0.357432648210851,0.3637645323115572,0.33502230432009455,0.44701462100417594,0.37187761936883534,0.37164724474780514,0.3670915320867271,0.3193626055020062,0.35236992852506577,0.29709355683903377,0.3188091119938822,0.3372770693276832,0.37210006737526125,0.3385063825828329,0.3322997837669264,0.3629072549466367,0.33772699214531005,0.3144937768383307,0.4023245539185095,0.41923451528920114,0.40973253139439414,0.3808532623240596,0.38406586899246636,0.39884405114812,0.3912508548213635,0.37136776418803,0.38326836481349,0.3912904403062798,0.34915179069475094,0.3414136134582374,0.3639989201239058,0.33208397879112617,0.3237135104605786,0.33235002750173864,0.2903791780329772,0.31185445889929686
iLLness LiLin,0.5210929003874221,0.5673951748986263,0.4325890195365551,0.52595386825063,0.5758452385568494,0.5730346598224829,0.4827290097461801,0.589879817947842,0.6195941791181035,0.3092437326724132,1.0,0.5958863465040187,0.5508646884537678,0.582407483069458,0.30768761141157275,0.5005171573642521,0.4113338887969022,0.2622810439394072,0.39680603493718464,0.3531505851938271,0.46860584983411036,0.5200770758763192,0.4595848796271144,0.40223820080303235,0.4331504874037111,0.22129807612498548,0.4438207179727531,0.3705479972311694,0.48668085868464445,0.4279456446514349,0.3418684763358525,0.4391400772811433,0.4705386556781409,0.41190984900903455,0.436042826687811,0.4881931781038588,0.49103308167717696,0.532476562162737,0.46584987674593825,0.45627413765799507,0.4918969907021353,0.5103270687587073,0.43604144429788866,0.54062353899716,0.4280371194923989,0.4689427767505586,0.5130167369023834,0.5043222977745643,0.5264842318689027,0.5309695832654743,0.392547515576297,0.5053505711214583,0.6182762323658768,0.4582160055282667,0.4706011926427206,0.5353075508986433,0.5200972541278323,0.553468229003842,0.5092554673690168,0.37263577713872,0.4832457662370274,0.4128992462331819,0.5197353215305827,0.5227845009061569,0.5140660241437977,0.5048068229413335,0.5334665518665069,0.4990613289184683,0.4700406780740567,0.46825842124427,0.4895260257668577,0.4253497968258942,0.3602641348332678,0.5496569098280935,0.5424274499617419,0.5541209660950162,0.421865315365668,0.4950357918233231,0.5092738658249256,0.46374807182687383,0.5232132854680273,0.559272943682557,0.5580734015291497,0.5046099991520194,0.3853879115096741,0.45675896470952965,0.45141229080347617,0.41279009324290894,0.43813836100246867,0.48300461932120736,0.4784740967464554,0.494387081446908,0.5191313927732526,0.4649782232795815,0.5472175680579415,0.5560025067776954,0.47688663661635994,0.42520114944188486,0.5736532117918353,0.508210350336239,0.492513789890292,0.514194171134692
WHITEOUT,0.4899026264311992,0.5625359914319531,0.3945189557478582,0.5018193457751723,0.5739848132302865,0.5660042272705895,0.46749731778877945,0.5992251612557363,0.6026032595539295,0.32394621168221116,0.5958863465040187,1.0,0.5253074740651994,0.574202213370013,0.30146924705788497,0.5229544951567655,0.45125263145820566,0.2871297212643491,0.4399048719425553,0.3603025176716894,0.5041341116739411,0.5593290950998846,0.5195306707884403,0.42878083237711634,0.48413256238334096,0.23800775921950262,0.38104921263956165,0.36379945029326305,0.521768126422813,0.41555288630285087,0.35142587032709255,0.47353643992250094,0.4934222726891545,0.4658967108746773,0.46149281995537345,0.48333922269170215,0.42564756231700746,0.5633115043719974,0.4382254599066216,0.4552152783872942,0.5251084451121746,0.5495825792223799,0.4682616211637576,0.5369310846973313,0.4448607359808291,0.3702882285322694,0.5316347690580036,0.5674541666365048,0.5236387419279177,0.582405800990137,0.3971525896613576,0.5541204578472352,0.5739420447851978,0.4664291521107479,0.48254516734935415,0.5361233735302722,0.5838129432917016,0.5604901945330337,0.48843850926467636,0.4313727048615684,0.5154258278290451,0.4107148926687407,0.526802785294357,0.5796966546787773,0.5615653140739667,0.5263908010576229,0.5372762625625207,0.5329927443046546,0.4965146396798785,0.5221355964798888,0.5087175538993938,0.4340435180306243,0.3736458701397278,0.5075962131198989,0.5212516367021359,0.4296565949607689,0.4305322285853603,0.49777383227396,0.4834136035390574,0.4068170761450829,0.5394798441960903,0.5293780943885381,0.5407556391662818,0.47143595188020654,0.44249595451390006,0.5057089003910908,0.4820775263755562,0.40874976926699,0.45308165635776687,0.5130189333330022,0.46381453739192136,0.5560077991083817,0.5206227698226119,0.5144540338655511,0.4841197435249298,0.4633826383615358,0.4912706845617804,0.4296035936685229,0.5662842511055245,0.5090734077133438,0.4106324654153172,0.4451354398751205
Xronièr,0.5351023680522509,0.5887523874624337,0.4341657040820873,0.5421853795498155,0.5377425574057407,0.5979117561575429,0.5196625859339074,0.5589378559273921,0.5509750446299178,0.3630323653536617,0.5508646884537678,0.5253074740651994,1.0,0.5178079213316537,0.3969614987782887,0.4930554818867658,0.4288519853647082,0.3226918555558981,0.44345878352067897,0.38561519812507394,0.4706874259444502,0.5050363293304725,0.4816482944849275,0.4661791520526329,0.46335127195335657,0.2789521350105545,0.4525348303071332,0.4552423045683896,0.4883608364752748,0.4545117179916446,0.40925616198494613,0.49146459705601075,0.4792678217511141,0.45150923218117917,0.4493241244508011,0.495660491978691,0.4679584578929208,0.5314718106903323,0.4804182206296044,0.5012227053385901,0.5073065663041102,0.4931018105361106,0.4619842004287791,0.5309695023926283,0.435703429948411,0.448456878040468,0.5323867609459749,0.5141408832794535,0.5363024294027754,0.5160067978983739,0.4939938965856659,0.5008930599866448,0.5750349418114272,0.49300313677222246,0.5112960624358133,0.5000236919635265,0.5055781859083928,0.5274875150050123,0.4841414618502598,0.43276962184123857,0.4688390219239032,0.47406700492353443,0.5266311407161306,0.48571896827621286,0.48860884991015874,0.5443402912931656,0.5448390064821166,0.5139088515797271,0.4782315613684293,0.4929026778137645,0.5087638591009002,0.48823583850644514,0.4455135473217721,0.5131111099812271,0.5425555009328082,0.4967012578438577,0.4536245911626752,0.4987286254026637,0.4959364124271802,0.4609414621852677,0.4950419996765278,0.529753142414884,0.5031850692779978,0.49129149001837263,0.4400072184461824,0.4656397912259341,0.503107746158426,0.4658888653463622,0.478039890754207,0.5197898239390508,0.5226283103346047,0.5099550064340604,0.5204465464972878,0.4703557782215393,0.5316764168977508,0.518206930854699,0.4979076996592052,0.46359522108820855,0.5169791892920096,0.5177772026355002,0.4554507159851591,0.455069326685548
Lachryma《Re:Queen’M》,0.47781225335966027,0.5236430682965422,0.41000735573622893,0.48705384338265745,0.511106450635253,0.5315785454298688,0.45645514964222855,0.5509758607496963,0.5600750421640956,0.32820034143955806,0.582407483069458,0.574202213370013,0.5178079213316537,1.0,0.33852794806845277,0.5116472027055466,0.43968810063007396,0.2873321071783629,0.412410919509644,0.3753121623162954,0.4649456485586341,0.5513960861733047,0.46002622910983093,0.40933913166215785,0.4388997226777968,0.23187129832185874,0.4025750071396357,0.3627093901523006,0.47761753186738326,0.43754186531821104,0.34410831534191993,0.4445630830647091,0.44699631811945906,0.41721305882717813,0.42433247684504455,0.4910339885835865,0.4262117800868724,0.5173799477386088,0.45242445831490175,0.45862221776543616,0.4943675641360652,0.47746744621722537,0.4363122029870074,0.5007318842874408,0.42305281232385866,0.41177842165642814,0.496949010710201,0.4950027187085659,0.5208872994602514,0.5296881877877483,0.38354228745486124,0.4828232244102133,0.5382350116594976,0.4407611129122709,0.4486913224077973,0.49331664949426035,0.48622370337772464,0.545975535561274,0.4625672120316827,0.3741644938471456,0.4976038544862935,0.41856962264598285,0.47908845675764733,0.502235342517477,0.4873946607805395,0.4754351881191516,0.5252907517154015,0.4740796639656367,0.41974195733706093,0.47772031497887035,0.4686135533703045,0.4160640119369502,0.3742947014977475,0.5023606543755283,0.5227254295070702,0.49727473364835895,0.39960104438785127,0.4968682535818884,0.4823849853167753,0.43474737747406295,0.4838013813067591,0.5375279896274514,0.5387398172886741,0.43905677564220286,0.39889596396836274,0.4729612277216226,0.4475776009136821,0.3940833348318216,0.41564748748385094,0.45609539387210124,0.4469730075872196,0.5106334893173424,0.5149486613776445,0.4613558110126961,0.5128961177473502,0.5076839253061021,0.4751431913396951,0.40197523308160277,0.5344344685616468,0.4985621798715812,0.47336541992242626,0.4561080637841566
777,0.4399992368246137,0.40976605515826114,0.37988736101523096,0.44848115258702753,0.3840957989953094,0.3803469746786563,0.3819518108341226,0.37093888266687847,0.3137468397860156,0.43421946610733136,0.30768761141157275,0.30146924705788497,0.3969614987782887,0.33852794806845277,1.0,0.46165586137839065,0.43904100447084343,0.4260148256458713,0.43408802812263564,0.480152578924176,0.4266909191749344,0.44380185195012295,0.3706164968386953,0.4107592895043729,0.4184695444678108,0.39332311857666175,0.3770791169973166,0.46333917621339576,0.3629453125711236,0.4550727868090978,0.4513329764644392,0.42855455951293764,0.4176057347114588,0.41699748006661413,0.4101825203917324,0.4146534507235803,0.3916494924238654,0.3650581160696763,0.4011723312810981,0.45590090611005674,0.4017265915022696,0.35012278410342773,0.42037183282705276,0.3962871710776935,0.44573040237342215,0.37341481891038897,0.3774917066452739,0.35633080956766655,0.40081707224917595,0.32620934817667613,0.43825769883177645,0.3308377755279677,0.3638647102157161,0.3837274541156575,0.409854746991536,0.3391920509600396,0.32370330892539306,0.3460229881022078,0.3754722572270804,0.372155882683406,0.34299233351876884,0.44457119778342524,0.3743862032304025,0.2953151122661424,0.32649680820296,0.39048197325428924,0.3580637258255844,0.3595393224665964,0.3499422735274213,0.4224962752312669,0.3718710297278613,0.3992188621874254,0.4206009702639738,0.3457182612016002,0.36110165251488274,0.37783376686758313,0.38928113905395334,0.35942910464051153,0.3937461833976756,0.3840677825157517,0.3123829418644772,0.3700484968343856,0.3479697185313329,0.3313334563114481,0.414759495018001,0.38611807222317474,0.415832495577885,0.3945237895988334,0.3928586373370762,0.39814197626845155,0.4290823680217965,0.3700590433842958,0.3983548003437767,0.3835598274756959,0.3722247248300335,0.38691670394204014,0.3779477065131441,0.3709452741398824,0.3307275711153326,0.3814870723806606,0.3492487925270859,0.3288743768161655
αzalea,0.5093020128722487,0.5519550286152654,0.4485574317356769,0.525564557377563,0.5566035925917402,0.5168156658902306,0.5214786338833237,0.5133595467846603,0.53391957111738,0.5173524069354178,0.5005171573642521,0.5229544951567655,0.4930554818867658,0.5116472027055466,0.46165586137839065,1.0,0.5675734063149992,0.49842126846001344,0.5429890819278382,0.5537387899743595,0.5930807762149768,0.6151470929415452,0.539827182265685,0.5358337363098361,0.5375234111541546,0.40024996460307877,0.4368209294992165,0.5177265927106447,0.5363356478840122,0.5254901805949045,0.502752915933399,0.5526688542890684,0.5521996764417372,0.5127048753629008,0.540186331388259,0.5130509209027404,0.4869441750916543,0.5386024507962791,0.5104305945434388,0.5422324465022484,0.5485641979212461,0.5312584606507381,0.5564642604634957,0.5539813286098777,0.5160597032103049,0.39347550556342825,0.5309066448204374,0.5435041775333433,0.5667656060811608,0.5506742139346608,0.49564245129077683,0.5420296273578429,0.5118637293563333,0.5258319066818932,0.5502511823278065,0.5418388832686057,0.5408149173552176,0.5193158696854681,0.49307760854710153,0.521633815252236,0.48307943223595007,0.4889172294938901,0.5157131673708384,0.5142782081516606,0.5002740290430302,0.5268103823112968,0.5106597708385545,0.5532426996298125,0.5320339453021038,0.5726747792980621,0.532889106480343,0.5280022236017458,0.4783907858777294,0.4999569808935651,0.5321072435788319,0.42729551790507303,0.46832531833956714,0.513387650059241,0.5346390646323531,0.45417481475678656,0.4870175928305406,0.5143543158053154,0.5308640970522264,0.5181562538569676,0.525613617064584,0.5716055955152269,0.544994891186109,0.5174096789263276,0.5673894838621493,0.5449920040847316,0.5234627317626909,0.5297719221182742,0.5505400045204532,0.5311561532474832,0.4856689472979386,0.5046516296937077,0.5430847336782263,0.5113624371436605,0.5316639624527608,0.5185691231615434,0.45303314353544333,0.5053017173579204
Bad Elixir,0.4464840284306326,0.48133892961608254,0.37102002424620273,0.4680764119328623,0.49040308019289613,0.45415530708680146,0.41522953202592,0.47875102461360836,0.43372428286665154,0.49049119038953687,0.4113338887969022,0.45125263145820566,0.4288519853647082,0.43968810063007396,0.43904100447084343,0.5675734063149992,1.0,0.4875913838360215,0.5517494447798851,0.5243988451191107,0.5663766434836544,0.6199320925385767,0.5186740135905717,0.4714602406506342,0.5708051972416651,0.33548174561697014,0.3615479683996632,0.44042116432907136,0.5074043391282517,0.4701344442873932,0.43165001148571064,0.5249626938073609,0.5409382269242476,0.5404820306089543,0.5531344408101748,0.49482543657150363,0.4124619537673513,0.4977896631116987,0.47104631810361114,0.47621018728415854,0.521221283561085,0.4925189514451693,0.5486667126314987,0.4948279725392412,0.569975266301572,0.3577631466713199,0.506377218181648,0.5139352891726766,0.4692256183371035,0.46468042258344067,0.41760202812768565,0.48429280001178393,0.4287609767153444,0.4593273891432491,0.49961994782826796,0.4485025154986774,0.5037282811067447,0.4478240445085567,0.46698005132713133,0.4739177320973143,0.4331006182419123,0.45264415476746744,0.45098354472116536,0.4449676089445976,0.4584118287338836,0.45943466904085034,0.46360849647856445,0.45570407259106155,0.44448438542405044,0.5607737160874418,0.4461690969818029,0.44028524254927875,0.42948891786747256,0.3810869566373743,0.4151762508154769,0.365653473525214,0.3908001846883067,0.40156138078506504,0.4481065464708039,0.39784640303499563,0.4264477862614222,0.4438017065391314,0.44798450325953204,0.3693708405149299,0.47455206623200574,0.5258753432495044,0.49142126561195687,0.43102566212977017,0.4474380751088679,0.5033512945442891,0.4575754221170858,0.4970006340190626,0.4947242132693889,0.5206207098353374,0.4301880764890864,0.38924128137931047,0.4323191554972783,0.4189196183305727,0.43860821069852174,0.4389843968436937,0.35253543702212603,0.36062573019293737
Chronomia,0.3437473626347496,0.34651515256774207,0.30090142044834256,0.39099473196609486,0.35151808814033036,0.32551338734865715,0.3571002915872746,0.3201974803406192,0.28930355576858885,0.4279745574223015,0.2622810439394072,0.2871297212643491,0.3226918555558981,0.2873321071783629,0.4260148256458713,0.49842126846001344,0.4875913838360215,1.0,0.4270093193028878,0.4883994578215739,0.412618141691512,0.4517913842960076,0.3756203597983026,0.3990887094964831,0.4275698395554541,0.4155655621941863,0.3117250369752928,0.4249581023256407,0.35294915671957616,0.40290361826956766,0.4535883833642706,0.4134804950299372,0.4131196820290692,0.41261861036431097,0.41240890711936096,0.34179576712799636,0.3273451367714245,0.3387323504594577,0.358473606722571,0.3687138687539923,0.381744944096779,0.3292661230913504,0.41955550500088457,0.34736756193481627,0.46238476701267567,0.2639444896402828,0.37239254627359686,0.3410554104797326,0.3359103389561852,0.3124807214179788,0.38038667681953203,0.3253470219149414,0.29442277940551304,0.3304030506841119,0.3713508041316004,0.3073322833646754,0.32856284632223604,0.2841613420842519,0.32934826552971747,0.41023441674922995,0.2933316878127142,0.37100506709953557,0.3194599727911717,0.29180166392651546,0.3119530331996116,0.3437138568603525,0.3092538235791606,0.3454461329202368,0.3360188431044646,0.41399016579736825,0.3366808725134293,0.3749379654322998,0.4153581031897751,0.27840685571358076,0.28338972456000644,0.2522945300510961,0.3261482242537801,0.31066461234311216,0.3476996602788877,0.33239842180148527,0.29968267184944514,0.30248483756125955,0.29438766496141816,0.2849258547054589,0.4206242805966438,0.3944748586446493,0.37375858556793384,0.377742856049641,0.3937237870676067,0.38260582378328506,0.3493559457364458,0.3479902542077709,0.34931652518677625,0.39043508413031003,0.3137621621905051,0.28473995911293143,0.33656196690100026,0.3548840892371328,0.27801252381187397,0.32304466363660533,0.23583179168813426,0.24987341859927653
onslaught -Retaliation of Bahamūt-,0.45065384671976916,0.4553593418347127,0.3676785977745288,0.48028318048409857,0.48604577572699204,0.44248058863282713,0.40570914282723936,0.4406305443011356,0.39755444243878196,0.4252415110322547,0.39680603493718464,0.4399048719425553,0.44345878352067897,0.412410919509644,0.43408802812263564,0.5429890819278382,0.5517494447798851,0.4270093193028878,1.0,0.4667507621659716,0.5502435753352268,0.594858491467042,0.49060797223730307,0.4684968036914127,0.5381871760885535,0.31973031081570324,0.3556289484288898,0.42098196210299765,0.4670326289271884,0.4477812025213262,0.42377280645354776,0.5202655474110764,0.5280829762671048,0.47366211549541426,0.5055538642685089,0.47481280677458687,0.4198509715890787,0.4894358167823225,0.4431362102681478,0.45811021954322106,0.5066940677532841,0.479090322057872,0.5024969142110107,0.4701208115011767,0.518431433425511,0.3443669260308688,0.4654099183501116,0.47348080345871263,0.4288315929173256,0.439423522196798,0.4197376177576878,0.4562200501244183,0.4267559954083369,0.4297577455576194,0.452011716208718,0.4266887825263036,0.45961516410401376,0.44212818381095087,0.4365832428670225,0.4299451876544847,0.42812689375304996,0.42122910927109386,0.44173047374979957,0.41445013687304805,0.4318479397891227,0.44283118791976966,0.449244855060401,0.41709865728808576,0.41872614074902825,0.5238652791984718,0.42878927353740104,0.4244206932076014,0.4302774418832057,0.3890336257504927,0.41386630019879783,0.37408548131921737,0.3953821393382491,0.40798003862081433,0.439205238171826,0.3929896178760822,0.3953398167608185,0.4151669766687902,0.41840807660849666,0.35978033678073706,0.4525327713243351,0.5069705253148957,0.4706190668212291,0.4232177181032747,0.41601420835153413,0.46257960120189834,0.436226902295832,0.4588762319987565,0.47440649056330975,0.477432067524484,0.41547225074727606,0.38810062696826186,0.4066851372967273,0.40510466473569756,0.4193492042225041,0.42689246784616147,0.34425508625457624,0.32411828380805874
