,666,ΣgØ,"* Erm, could it be a Spatiotemporal ShockWAVE Syndrome...?",MAYHEM,VVelcome!!,ΣmbryØ,*Feels Seasickness...*,FIN4LE ～終止線の彼方へ～,HE4VEN ～天国へようこそ～,I,iLLness LiLin,WHITEOUT,Xronièr,Lachryma《Re:Queen’M》,777,αzalea,Bad Elixir,Chronomia,onslaught -Retaliation of Bahamūt-,VALKYRIE ASSAULT,ディスコルディア,ドゥサンコオデッセイ!!,9TH5IN,ANGER of the GOD,Calamity Tempest,Daisycutter,ENDYMION,Ghost Family Living In Graveyard,Lancelot ～Flame of the Rebellion～,Lisa-RICCIA,LubedeR,ΛΛemoria,†:OLPHEUX:†,OUTERHEΛVEN,Redshift 2nd Ignition,ЯeviveR,TENKAICHI ULTIMATE BOSSRUSH MEDLEY,THE凸GENERATOR,Trill auf G,voltississimo,Xroniàl Xéro,θコトノハθカプセルθ,色を喪った街,卑弥呼,飄える翼追い掛けて,A Lasting Promise,Absolute Domination,Awakening,BELOBOG,Chrono Diver -PENDULUMs-,Cross Fire,Deadly force,Dyscontrolled Galaxy,Elemental Creation,Failnaught,Fin.ArcDeaR,Fly Like You,FREEDOM DiVE,GERBERA-For Finalists-,GODHEART,Immortal saga,KAC 2013 ULTIMATE MEDLEY -HISTORIA SOUND VOLTEX- Empress Side,Last Resort,Sailing Force,Staring at star,TWO-TORIAL,Xéroa,セイレーン ～悲壮の竪琴～,逆月,INF-B《L-aste-R》,FLOWER,Got more raves？,きたさいたま2000,極圏,ΑΩ,Blastix Riotz,DIABLOSIS::Nāga,Everlasting Message,FLügeL《Λrp:ΣggyØ》,KAC 2013 ULTIMATE MEDLEY -HISTORIA SOUND VOLTEX- Emperor Side,Lord=Crossight,Preserved Valkyria,XyHATTE,月光乱舞,Innocent Tempest,IX,ラクガキスト,音楽 -resolve-,Booths of Fighters,For UltraPlayers,INSECTICIDE,Quietus Ray,Verse IV,バンブーソード・ガール,Bangin' Burst,Black Emperor,BLACK or WHITE?,Growth Memories,snow storm -euphoria-,XROSS INFECTION,大宇宙ステージ,Ganymede kamome mix
666,1.0,0.7159627187858966,0.658100595992517,0.6263952756256994,0.7554644546282605,0.7053911931064644,0.6719045138767115,0.6962271550284211,0.6284999698478363,0.44267715374919103,0.6547935180818653,0.6216971484325711,0.6626297708488073,0.610511369943167,0.5218703493118055,0.6133623898061781,0.5381749186750102,0.39506835295662346,0.5839908073770871,0.4589359869081588,0.6160766092589394,0.6366465213671212,0.594182447022732,0.49938729336972454,0.5911821263129488,0.4125429523214804,0.536062277149779,0.6048520697580536,0.6313324782925244,0.4853962796193566,0.49160557997447735,0.5782043916762835,0.5909654650079017,0.578466031314481,0.5761443006248379,0.6873061525323396,0.5975827494201666,0.6287679173129721,0.530508448322954,0.555613909382942,0.6357520802195545,0.6143446354802695,0.6584629273150931,0.6414423419127095,0.6029053796458745,0.5779378899861413,0.6151926098581043,0.5900110051362217,0.593795056310385,0.5828271398127974,0.533284992081736,0.572947768253174,0.6598386082215231,0.5246620325531163,0.5716547972462324,0.5179116702920817,0.6333007616000463,0.551838621879191,0.583313655136197,0.444851695345731,0.44805480824111665,0.5916640925381407,0.571503771848864,0.5220639744594558,0.5148400221358772,0.5750901315147422,0.6592201885627742,0.5721257588814349,0.5636742047911353,0.6221667754245518,0.4476821500864867,0.43245775908755646,0.43924509304911674,0.5304643970555677,0.6111139194242905,0.5902804609687531,0.49696533931525627,0.5457115362964232,0.6066703782570317,0.5675519285237683,0.5404233240720742,0.5417535073078487,0.5963177744243472,0.5319009294831977,0.47481847352384243,0.5148032908168807,0.5300817745638381,0.45428543032368995,0.5018577613918097,0.5986932891352239,0.5299657824797405,0.5665120472814057,0.5686221876605719,0.5238236748002693,0.5816405269179388,0.5921725996679424,0.5578397840462046,0.4320094226844602,0.5497937655294867,0.5238733331091445,0.4741394879197238,0.5596129425140107
ΣgØ,0.7159627187858966,1.0,0.6219605961355882,0.6324650728271161,0.7587180218167031,0.7666236923773487,0.6472110977338528,0.7173558279083957,0.694967680267065,0.47275883790501366,0.703977470865699,0.7053829422015091,0.7083220543924494,0.6367469184166417,0.4836519322110638,0.6676585986279001,0.5865723284210742,0.39452664556619066,0.5665377284474882,0.5196220608722127,0.6298987131286281,0.6634234658293126,0.6223600405126356,0.525030967800291,0.6037022203768052,0.3178567382986094,0.5664247991049034,0.5864807162475314,0.687705914318143,0.5208092829577995,0.5153122356501506,0.6095222752775729,0.6163760737792204,0.6084730097176243,0.5964084486912234,0.6505181773086781,0.623776536281674,0.7169779753179024,0.545431065276848,0.6138269989338165,0.644061437708998,0.6958402362401539,0.6260920512743904,0.6850328812892149,0.6068296462211196,0.5962103136539434,0.6779018948563645,0.6586745280766182,0.6664857996071668,0.6859269134734346,0.5341987844290064,0.644039710173511,0.7148749828153136,0.6128725623327688,0.6740606828385425,0.628300045092282,0.6964916137467476,0.6281162843028416,0.6191534254927291,0.4988367216365531,0.5435517756018636,0.5989433060068982,0.6562517733831281,0.6158580914666635,0.599300186560349,0.6494543816576749,0.7033584999151595,0.6247757519246353,0.6516548929249106,0.6574271147612585,0.558810290661402,0.518578961344937,0.4680516545898097,0.595449896585515,0.6655142860307295,0.6101830404003499,0.4667811033598242,0.5734209382361363,0.592324599969433,0.5909080442155158,0.5972421319629123,0.6493842704728661,0.6366353172031189,0.5675424883384952,0.49493867947251025,0.5700147825766491,0.6404675496030041,0.5094459682149882,0.5443181069258407,0.652031998058263,0.6596006338618379,0.6332582672447896,0.6129345585570025,0.5853880349673777,0.6332845302313067,0.642376228186414,0.608855533157119,0.4937752620515761,0.6239847119512136,0.6120746281836582,0.5495943420140665,0.6150697543529592
"* Erm, could it be a Spatiotemporal ShockWAVE Syndrome...?",0.658100595992517,0.6219605961355882,1.0,0.5257755567204255,0.6219199254916578,0.6214874312199284,0.6845530689159995,0.630775348674146,0.5952084699743574,0.41462012541084753,0.5940136677241095,0.5510875434841978,0.5986147819815902,0.5757128704567452,0.45019440378634323,0.5568128285646606,0.4647879193510652,0.3528042565279133,0.5008113210346974,0.46955765456747106,0.5534514032955661,0.5417092996354173,0.44042935399749683,0.4192129611105963,0.4847702667406506,0.3822634567906295,0.6150967569140058,0.5419899692684662,0.5437347139141074,0.4418276662606669,0.4711688897197391,0.506101690895669,0.4752245925688849,0.45112312517310765,0.5073428659674111,0.5321062396079836,0.5022137861298483,0.5393894727991484,0.4314013053552383,0.48122726222919543,0.5202687433986216,0.48003761143323176,0.547157111140493,0.5957791363447336,0.47782932448912097,0.47899927634869954,0.5549765318895882,0.48795545351962766,0.552652812925638,0.49966862265797346,0.47411342038707477,0.4583732665067841,0.6097998723607795,0.43308739438780686,0.49061375010336183,0.4780976753293464,0.5398322821751588,0.4740133878044697,0.4581812509589753,0.3477737994389271,0.3829952264813877,0.5175453005815757,0.4682534573732151,0.45762110464667793,0.4029825556555403,0.5130782844002987,0.547828886682371,0.5235133049264921,0.4836508436203732,0.536625676734745,0.41634148497519713,0.3923833459428362,0.34249801359594806,0.4984352439305871,0.5883589762270501,0.547353566115083,0.4237172901582983,0.501285514795525,0.617800689611659,0.5908718155769086,0.45423071638605306,0.5348013620595599,0.5605092979715272,0.5527118938982919,0.3703960713444258,0.40047365254050105,0.4366542029542707,0.43970088692280507,0.4313551642480323,0.4969897271808007,0.49640926810172104,0.505202442515951,0.49230107521580524,0.469171592541198,0.5356068393449177,0.5690761473917217,0.5153540012214272,0.4207212052458761,0.5052468806384848,0.4922617126506161,0.4848536295165981,0.5620057323156993
MAYHEM,0.6263952756256994,0.6324650728271161,0.5257755567204255,1.0,0.7069059486378422,0.5915745543615628,0.548943864131801,0.6080041169550753,0.5735980552490154,0.42663582306415465,0.6071670846402002,0.5873358666714441,0.623364768455909,0.5595295037062542,0.5303969034686841,0.6515335523594034,0.5566703265480577,0.45021667027495194,0.6010843925312637,0.4880663807960293,0.6424171788223282,0.6186041320320251,0.5733378800592595,0.49347862657978064,0.6314491765117006,0.43111436899422223,0.4790944548229927,0.5076292664129556,0.538334801450542,0.5102580304502234,0.5035600472938726,0.6181073926942677,0.5905615912786077,0.5092318329208451,0.568147919658152,0.569479808414143,0.5292256994099349,0.5673857042720463,0.497255943239886,0.46982678508573944,0.6216101832265591,0.5782184128182485,0.5387710489074875,0.5874947613936191,0.602552392702102,0.491946414783164,0.5419500033191772,0.5301009474820271,0.5183481761000268,0.5303520858889967,0.512038958657743,0.49921000207234295,0.5988713277664073,0.5206190413264656,0.5033326149867013,0.49787688491118426,0.5323356687885281,0.5383607426139212,0.5276961309571719,0.3886239159271394,0.5060593816963961,0.5115074213252825,0.5775808408594317,0.5129220331127167,0.539375850394677,0.5248681343133171,0.5522613882684244,0.521824130390587,0.5161615073648713,0.6086704358104269,0.40335966893339686,0.44562280771424606,0.4215861118796142,0.5320949849410357,0.5730205604808615,0.5467929803952336,0.475368412151082,0.5220875372106085,0.4997785135836278,0.4977430342029205,0.4976309614708981,0.48567889512282303,0.5461342826128172,0.4932116675580993,0.4138689991592546,0.5611372796270726,0.5742817723441053,0.39000156388891066,0.43968694387543633,0.5928755755074782,0.4943735352797199,0.5034592318039222,0.5438229326523654,0.48241346398848156,0.5197494035443326,0.5354997724293125,0.48587963247755356,0.4319970524840816,0.5533971199559762,0.5234297116130902,0.4388218152539892,0.4501689112263812
VVelcome!!,0.7554644546282605,0.7587180218167031,0.6219199254916578,0.7069059486378422,1.0,0.742659570138644,0.643010578705399,0.755337762361666,0.723132735932569,0.4762276483617971,0.748428974115214,0.7436007322574767,0.6981353923799708,0.6865948087278646,0.4712737459837835,0.6721084539907423,0.6073209424220251,0.4098646761158961,0.6465316238350604,0.49176196025680236,0.7078242202756319,0.7140040304688925,0.6637617689141918,0.5708609276010703,0.6498639363981434,0.37757352583218573,0.5342802174691396,0.5787493248897188,0.6739179689234946,0.49867739229639124,0.5226967460389748,0.6568043572007076,0.6855580537958433,0.5855057464107417,0.667280683107041,0.6828296508074589,0.6162779978164954,0.7198188840340141,0.5625938906816287,0.5593040142706182,0.7178110849057443,0.7269223990263467,0.6582539239585665,0.715875920942848,0.6461536552629026,0.5754293384993305,0.6654522488670903,0.6933452119039579,0.6242560929251834,0.6659329658213177,0.5297780120966936,0.6357897756656691,0.7340523663363142,0.59278652149091,0.6064999943459622,0.6261923381920922,0.7023940430378153,0.6644331972888167,0.6380253242468089,0.48449847151633535,0.5720341892597344,0.5477610005070642,0.6371823685138855,0.6370975765403933,0.6242352922503487,0.6128808171057276,0.7145960777785073,0.6061184645545137,0.6400522604866218,0.706567128239493,0.4899431456932058,0.500980026332465,0.44274475900496507,0.5960541836703319,0.6566803983104038,0.6373078355089197,0.5204358886053339,0.588909106653098,0.6129199513162762,0.563586368107,0.6070633955861882,0.6179853897458955,0.6814251511082692,0.5625433267703491,0.4877071026734324,0.6376908003495907,0.6326425928592495,0.4622729807838778,0.5375672677318947,0.6451712054925202,0.5749410360032348,0.6148746545928231,0.6301846827792884,0.5781297093466435,0.6237284451740889,0.6301881609601655,0.6116429253226744,0.48144737133919985,0.6457869032699892,0.5837989662207287,0.5462164706787086,0.601221091238468
ΣmbryØ,0.7053911931064644,0.7666236923773487,0.6214874312199284,0.5915745543615628,0.742659570138644,1.0,0.6707481690649851,0.7622011049023543,0.7477557498810191,0.4491605138349896,0.7334447230899398,0.7409152135870702,0.7485104968555264,0.6926659041878509,0.4411321978113572,0.6382044446518778,0.5628572190718588,0.3692890146292202,0.5679940585667524,0.4973187500015763,0.6439204598047429,0.669123846036552,0.563291083920326,0.46271456692192703,0.5888614133130302,0.31941523708962255,0.5536076272498506,0.5512459977325426,0.6469189039576523,0.45811135906681416,0.4735193909662982,0.5938898506083392,0.5802654690857008,0.5474607826116105,0.5708921383069298,0.6361764460031265,0.5823089698589091,0.7022908412574926,0.5167488688855378,0.5123112258171894,0.6412803299616351,0.6322366544197421,0.586897481458324,0.6846177253365204,0.5754446667021972,0.5644778217205623,0.652474905330843,0.641669817771365,0.6704156750488741,0.6888507123660058,0.5369130795648749,0.6407509965666288,0.740510669545585,0.5953645600817331,0.6349834984286263,0.6462000985510169,0.6869851042618507,0.6484595641530143,0.6032666193513447,0.4736636612130189,0.5220591734845926,0.5963518888473214,0.6053690713832671,0.6329318102753754,0.6026178794814983,0.6420241549034793,0.7141041323930619,0.6082601308629315,0.5600571384095617,0.6611786922258285,0.5523878751541661,0.5154499763320378,0.451825465806914,0.6155005399157929,0.6920684952490019,0.6146061046509855,0.508848925149528,0.6027684512520689,0.611774108997567,0.5915474480851722,0.6235222433521299,0.6172579018008862,0.6470563688785291,0.6144200514675984,0.43834393893362683,0.5528621146973528,0.5741036456364086,0.44991547551445354,0.5404055515815775,0.6602413470857272,0.6210486809047219,0.6408918309151365,0.6511927929531927,0.5773312219211166,0.6629032950019552,0.6527100661943823,0.6064695972948143,0.4842148861279094,0.6481107297236116,0.6071121336512504,0.5673020852576304,0.6220987636984625
*Feels Seasickness...*,0.6719045138767115,0.6472110977338528,0.6845530689159995,0.548943864131801,0.643010578705399,0.6707481690649851,1.0,0.6456430705525563,0.6381246028864952,0.431788002638053,0.5903455535045496,0.5840694152211228,0.6458671273522012,0.5644759425810704,0.45017377341352316,0.6182210698384561,0.48168721164677736,0.4012995603168172,0.5043897453756961,0.4951270475493857,0.5647671525592988,0.5407663901715817,0.4630750377357295,0.43382232157215517,0.5116692648573637,0.430641647190102,0.5807691284788264,0.5817081953970352,0.5830098014209868,0.366546818890173,0.5474769172934919,0.5337127258848376,0.5154946603617417,0.48034660790764905,0.5232424871560165,0.5128144983522609,0.5314883335672774,0.5900593116686539,0.43229135967744703,0.5055995059089918,0.5337578303222905,0.4757115650989916,0.5700852027381008,0.5893192120407131,0.5308979445309782,0.4785260220984563,0.5901860794754472,0.5405042198384566,0.5747819494183265,0.5435392368925648,0.5086852400965562,0.5131462815524761,0.6200872260883934,0.4717875316135425,0.5602013828551382,0.481395583966456,0.6064596722582757,0.49615584571038207,0.5002442201708297,0.4372723546161234,0.36683849338360525,0.5755016389489704,0.49392539015560927,0.4818395363724532,0.44478835161218466,0.5491773064880253,0.6118921942444675,0.5725605893487893,0.49403523746173067,0.5629435576815282,0.46513844751894123,0.4588245417185042,0.4133923354686109,0.4933369501000225,0.583925862171923,0.5066122115195092,0.4609009091186349,0.535665254069637,0.6338890548422264,0.6092476231990175,0.49682233985138596,0.5326655251058544,0.5316656723298033,0.5593813021718766,0.45902194237179633,0.4230692868629907,0.48103932972467095,0.4746729146203721,0.5155322173577656,0.5632864945924361,0.5001772274663105,0.5461391306287774,0.5196462601522058,0.48645134286067304,0.5661597784303565,0.5545050535260471,0.5370504311563866,0.46235537033595364,0.5224460016916451,0.5166617832235298,0.41006162943474744,0.5354939504086137
FIN4LE ～終止線の彼方へ～,0.6962271550284211,0.7173558279083957,0.630775348674146,0.6080041169550753,0.755337762361666,0.7622011049023543,0.6456430705525563,1.0,0.7674899798580594,0.43906822734455786,0.7706577470184587,0.78887547434766,0.7213589231847273,0.7399108028145117,0.44925272244579345,0.6377128479133002,0.5898194150804936,0.3599040095648813,0.5694239604876121,0.5023014011173893,0.65040001785479,0.6847011218423594,0.5658877887450762,0.4131266801983033,0.6188139226427075,0.37035342881852934,0.5464166566320678,0.5025896342660674,0.685846879349191,0.4866206403044429,0.4520607920359529,0.6112865159699299,0.5998720136452869,0.5730509139145316,0.5974736290599584,0.6170014691444703,0.5857582920663154,0.7093373358601298,0.4750914424990419,0.5063111789371442,0.6641800070600867,0.616100700477535,0.6399525047027733,0.6891175391344888,0.626183181837957,0.581111250470496,0.6654604583540499,0.6722955650224556,0.6570070962955912,0.664759164395378,0.4643633112646771,0.6405094644353357,0.7576430732926758,0.461129126768181,0.6099663942860237,0.6256880710277608,0.6994230796149742,0.6593906570910558,0.6495746274708268,0.41870978497265154,0.5329392429139057,0.6062055946845373,0.5807417759559257,0.6397362933670817,0.6018222614804717,0.6453790300485411,0.6984455223394461,0.6193691473831193,0.5029540340932552,0.6597017343846686,0.5252608471578091,0.48406341479980425,0.4290305773141421,0.6043173148343003,0.6890228241399433,0.6511276837223331,0.47090862703973413,0.6164069492123792,0.6647646485737877,0.5940326210225458,0.6253623942078429,0.6507024601827758,0.693777924473098,0.5708818402267756,0.41736510439401664,0.5563249035725122,0.5626324378661116,0.4165175076696944,0.5028799339708121,0.6269561840260639,0.5724366719100856,0.6782896390239518,0.6559393201351214,0.6180819066948922,0.6497785510703715,0.6500721119839382,0.571842369753661,0.43711632680974394,0.6398866217736843,0.5948080810569168,0.5535799898861183,0.6290984397836128
HE4VEN ～天国へようこそ～,0.6284999698478363,0.694967680267065,0.5952084699743574,0.5735980552490154,0.723132735932569,0.7477557498810191,0.6381246028864952,0.7674899798580594,1.0,0.39214178504947006,0.7959716821047752,0.7629021967394725,0.6851410001863252,0.7319095300661599,0.34816445148304276,0.6493856181039573,0.5249751095847565,0.3055897548952241,0.5028758895014414,0.45114337718920305,0.5840604918375332,0.6899614015375025,0.517141099202611,0.3722318193261398,0.5359247449781326,0.301469133125825,0.5361385122972535,0.45821394842094726,0.6208889298650481,0.44550819363752553,0.44810867918679753,0.5553615677833883,0.5666271437028569,0.49809017894229524,0.5389877171225529,0.5551401774629963,0.5127023113660292,0.6754120702416273,0.4194352644772833,0.44415952606991443,0.6206418797481756,0.5774875901684489,0.5775221318401007,0.6767880524291651,0.5522832023502707,0.49734365164360733,0.6347086212955765,0.6012925657330183,0.6261584339517496,0.6695438975519711,0.3899986683121435,0.595345902793015,0.7524692766642587,0.4392340669590012,0.5612888452439413,0.6272613073338401,0.6573700432182419,0.6444442612472295,0.5488440575589122,0.37045640304568345,0.4911877487505603,0.5107700079347395,0.5450124466293947,0.6210152340954228,0.5660098728576554,0.6265528216262576,0.6705024967008669,0.5991728715243292,0.47916484208720866,0.6225372254547576,0.5411176417127259,0.4579193905205171,0.384270297278489,0.6281155518802655,0.6910643070938308,0.6309640343836325,0.48412114321348304,0.6180833189676449,0.6185302924742572,0.5763273834037622,0.6773143959790304,0.6497228948547173,0.6859452493424207,0.6078829740542406,0.37039671809566493,0.5270516120567406,0.5305418142903412,0.37253954617619733,0.48649566477762846,0.6096719148233529,0.5446585942300893,0.6248970925381445,0.6136966839909695,0.5620092317013724,0.6437476177316369,0.6444591703190824,0.5956448140944129,0.41678145786983856,0.6904934893719453,0.64093819440067,0.5651136791517847,0.6344522449152746
I,0.44267715374919103,0.47275883790501366,0.41462012541084753,0.42663582306415465,0.4762276483617971,0.4491605138349896,0.431788002638053,0.43906822734455786,0.39214178504947006,1.0,0.3542324913485809,0.3874072313571451,0.4335687409733735,0.3843939048564978,0.5006629760501927,0.5159864261492321,0.5869765709738152,0.5065464488553562,0.5027433645397149,0.9997186731848583,0.5424777212241978,0.532031871150726,0.45308715375452824,0.3898006218598883,0.47982803178687294,0.4127156105217303,0.42936301030943197,0.508883530265902,0.4657608426109491,0.5926938581803703,0.4959024097060571,0.4921711251577238,0.5125110767061606,0.49351709196496285,0.5948713493963916,0.4856196270427411,0.4415525399135855,0.45301213513709265,0.4415971254772299,0.4663772700825243,0.5028843928294501,0.42036801917776156,0.5144484746632351,0.4917750098977145,0.5270235846865431,0.36279980213783714,0.4514190634295943,0.4335392990188932,0.4377246068016033,0.40942678763134793,0.3835732643138909,0.42973988081583686,0.4178560269391959,0.4135967799061336,0.47343106274310376,0.3595676300980585,0.43203769605177916,0.36426589526427816,0.41767116086101247,0.3871495121339638,0.3726050517210866,0.4500136700916958,0.41576332573692837,0.3837730593444783,0.3516482366625841,0.37807650568290707,0.4117545516924838,0.39334457088010766,0.3707226493469043,0.5267344674364689,0.40576978779931216,0.3626358729262548,0.36889961335426824,0.3197067907777057,0.4013184785602893,0.3258037978734017,0.33973259907841996,0.35142612229506015,0.4120058394423708,0.37288358929426985,0.3490625156316106,0.39553855045019165,0.37846049341133847,0.31930832888899024,0.4218332152212479,0.457530607636017,0.4670081043527003,0.3548532896232846,0.4091190107932122,0.47502327708821457,0.4675429275594811,0.4154435893649049,0.4130101150220556,0.4083946855143698,0.3727830390824303,0.37561094778248477,0.400823837711077,0.3586256995133843,0.3414218623973502,0.31962166916618,0.2887280499510074,0.329886605021818
iLLness LiLin,0.6547935180818653,0.703977470865699,0.5940136677241095,0.6071670846402002,0.748428974115214,0.7334447230899398,0.5903455535045496,0.7706577470184587,0.7959716821047752,0.3542324913485809,1.0,0.7643369357065181,0.7021760179610649,0.7630303912193207,0.3429851024782371,0.599515081435052,0.5013502371969327,0.2676626162889943,0.5124294088513428,0.41886062884114106,0.5631644582822474,0.6376639307035717,0.5081733662685244,0.3400849208877597,0.548599490254498,0.2513577202836895,0.5612084600264657,0.40053624533095006,0.5923286518006606,0.42721299847794053,0.3881039495699322,0.5329761911874998,0.5572948590252627,0.4730017386103487,0.5544064513282958,0.5794725585724411,0.5634743808307552,0.6762201546547507,0.4455492211012628,0.43332851414110707,0.6280636638858792,0.5978656711649041,0.5386049244666056,0.672474292325216,0.5517995439906828,0.5716580352766472,0.6174252240417507,0.5967451835151418,0.62015724915567,0.6298643231203777,0.38852347432381706,0.5883429012168854,0.785976083339714,0.4300025872337231,0.5381517311996604,0.6149992038852427,0.6290415034752169,0.6731584746384959,0.5774182357889088,0.3041814842268568,0.5268824251194167,0.5115684771199698,0.5681886375589,0.6206573726338271,0.5859627196681119,0.6073763220865024,0.6641251720374487,0.5763848853298358,0.46583472138478416,0.6036800013984939,0.5088546524893541,0.426764459899425,0.36134690575899586,0.653626079997507,0.7158101784518242,0.7192715663007485,0.4544247163852605,0.6130453254814973,0.6127887369917598,0.584071533177428,0.6388974079867008,0.6533523170009577,0.721376588186578,0.6099506182905154,0.31926143428702936,0.5112479759316886,0.5274955169624881,0.34459258486754063,0.44514994286272574,0.5652232138850686,0.5539680329140588,0.5993530116813242,0.6149610849967226,0.5264384619323645,0.6609943926318385,0.6881751315834248,0.5534623522513017,0.3986370265477081,0.6983823837352042,0.6162801357340256,0.6063707869137395,0.6586112462513718
WHITEOUT,0.6216971484325711,0.7053829422015091,0.5510875434841978,0.5873358666714441,0.7436007322574767,0.7409152135870702,0.5840694152211228,0.78887547434766,0.7629021967394725,0.3874072313571451,0.7643369357065181,1.0,0.6744563516211299,0.7416263751175675,0.34899502683562705,0.6445011324691123,0.5479459067059481,0.31283049860115436,0.5627678595029284,0.4476077048139195,0.6251214286512607,0.6902053827918461,0.5830327622468454,0.3915598701960534,0.6158813869587494,0.28970835406931733,0.477766843046188,0.4099555872659106,0.6467749700928598,0.4406524814540665,0.4056289099152124,0.5823306481195591,0.597732547769029,0.5435527599342467,0.5904389879072516,0.5969177758870772,0.5143770452237185,0.7131501290477041,0.44555336204489804,0.4507565384515528,0.6679068108352517,0.6534137521189012,0.5885867977975722,0.6624798481139634,0.5778670984108976,0.4695551769390097,0.6490668287286816,0.6853703800623938,0.6278387668683241,0.717704474693462,0.4118419180912203,0.6377819923656067,0.7484405784721504,0.44632566191611556,0.5726494353684292,0.6503838155674911,0.7055705602942044,0.6717208000746094,0.571087548199305,0.42010639107308234,0.5662876458711881,0.5209029124065662,0.5831919214506609,0.6767671454442369,0.6639680423254056,0.6498250018264798,0.6744370669773724,0.6104757838299227,0.48987738393996005,0.6709424319927405,0.5705791226093889,0.4661991438155956,0.3900636526615071,0.6199124921531656,0.6902337674017275,0.5698592996998227,0.46941505612172657,0.6184746039303491,0.5909803295823167,0.5296601863010795,0.6658567935275771,0.626603912211789,0.7087081405345576,0.5722891743817122,0.41024660529888046,0.5915807379566349,0.5845516285276173,0.39834698129165413,0.47542149517005855,0.6190695084273781,0.5559735166641975,0.6681857530453088,0.629654750335255,0.6039871875813952,0.6024930042177746,0.5889598235098413,0.5747101836724766,0.4367125666011168,0.7028654427577334,0.616760859423576,0.49894469809837405,0.5804291223738828
Xronièr,0.6626297708488073,0.7083220543924494,0.5986147819815902,0.623364768455909,0.6981353923799708,0.7485104968555264,0.6458671273522012,0.7213589231847273,0.6851410001863252,0.4335687409733735,0.7021760179610649,0.6744563516211299,1.0,0.6689579919217581,0.4696054639148656,0.593034778677051,0.5304891588017172,0.38229900535676475,0.5937045270029944,0.46465634880343915,0.5806029451544815,0.6248551696922676,0.5382768323295019,0.4368018677519368,0.5795560124324274,0.35472816498754156,0.570942347142793,0.5382223398734195,0.5981932378475034,0.4536286911510513,0.4867759126565783,0.6140350050790123,0.5730888881324459,0.5256219367681184,0.5654689598492175,0.6036860218105539,0.5455443636196114,0.6630538312514763,0.5155818082627922,0.5219542418655869,0.6386379813409696,0.5642644159515626,0.5772104829765611,0.646880067833172,0.5603666257278882,0.5670681928370775,0.6464705330801261,0.6165263836023652,0.6229876326530811,0.6117017250793886,0.5739220934050453,0.5877325671689648,0.727306662102659,0.5493595680264399,0.5979416395997529,0.5756577191662163,0.6174875127617513,0.6185429359935513,0.5616187869709918,0.41905702701910624,0.493189381818342,0.5708489577850513,0.5912242691272301,0.5780541961901379,0.567350234229982,0.64019740547327,0.6782976566981775,0.5781261722934461,0.5367196083435289,0.6325078644225494,0.5316913693659565,0.5178862416933768,0.4811227102673174,0.5956513758486995,0.6907574964006926,0.6204638653378213,0.5025273155579281,0.6158764167596289,0.5905726323667788,0.5685474685816957,0.5886085060481265,0.5899526101322172,0.6369049510417986,0.5917034889353742,0.42351033221775347,0.525104818138823,0.5781424921015206,0.415630411777691,0.4983870891701238,0.6178681567895848,0.6231556081254459,0.6280846608795714,0.6176420496388371,0.5525519154777361,0.6391942169295438,0.644246557951179,0.5562003665945784,0.49801447251088643,0.6017724213974284,0.6135667509607355,0.5340471131651394,0.5544711597895492
Lachryma《Re:Queen’M》,0.610511369943167,0.6367469184166417,0.5757128704567452,0.5595295037062542,0.6865948087278646,0.6926659041878509,0.5644759425810704,0.7399108028145117,0.7319095300661599,0.3843939048564978,0.7630303912193207,0.7416263751175675,0.6689579919217581,1.0,0.3977762125660984,0.6251363854193911,0.5365899487738531,0.32398633156042284,0.5390111030752938,0.45707679514633953,0.5772713562475901,0.6794342734015304,0.5252091058245043,0.35213026569748,0.5543919087229634,0.28451484954795125,0.49946843803814883,0.4143996480016767,0.5900130305296175,0.4738513309297344,0.39457955474953893,0.5456837089979334,0.5328776519941293,0.483899159305847,0.5266783977335956,0.5916586548894193,0.4941609058672269,0.6724433331411933,0.4479120814754041,0.4458074100874388,0.6329058217224134,0.567758398320971,0.5494436618136961,0.6177763902801109,0.5497245960907643,0.49952562696668845,0.6095136735521073,0.5798205798912788,0.6044709730168598,0.6484649018443431,0.3733032073985142,0.5726401256150229,0.7037218925155909,0.40907170473128196,0.5186593840574104,0.5697268833969551,0.59335111849352,0.6845007233795247,0.5450764876588442,0.3199327027971653,0.5482878677531399,0.5157397570323049,0.5232220761327601,0.5849540118968783,0.559092835190491,0.5796225049892691,0.6478321333783283,0.5336241158783885,0.39910143771408957,0.6251196004147224,0.5068951656044612,0.4521538500143849,0.3976968103277678,0.6028101297509499,0.6819453660204035,0.66101743548666,0.4337748669444302,0.6109190309618696,0.5865686696667145,0.5534513616075278,0.6193402125513148,0.6318632822989915,0.6955032042936524,0.5289852599361808,0.3680162989287838,0.547238100127563,0.5165656731497267,0.344508957964178,0.4487216428366402,0.5386961522348014,0.5176616244234616,0.6220910360612397,0.6103260684686463,0.547757439486707,0.636665621165749,0.6290465933107063,0.5496719546059491,0.3835578926431543,0.6515534880645841,0.6069740547381581,0.5837124037883825,0.5799542417431621
777,0.5218703493118055,0.4836519322110638,0.45019440378634323,0.5303969034686841,0.4712737459837835,0.4411321978113572,0.45017377341352316,0.44925272244579345,0.34816445148304276,0.5006629760501927,0.3429851024782371,0.34899502683562705,0.4696054639148656,0.3977762125660984,1.0,0.5497889613760947,0.5477794798971045,0.49771481735701806,0.547423726001992,0.58081958328177,0.5289579550603019,0.5649598024582588,0.425624454821445,0.4207953288182144,0.4988633933467481,0.49705708961237166,0.4096828910489361,0.5525258602833343,0.4167855028476221,0.5049357867966642,0.5406287764964526,0.5413149531366314,0.4770882022327361,0.49216158136014265,0.5033868111598611,0.47381275578682974,0.44320941967330263,0.4133699128778387,0.44282578952481094,0.5131709818797354,0.48183808206334855,0.379041472603863,0.49199624129434205,0.4468808772726587,0.5382035033628864,0.44207424151486113,0.4280207646645189,0.3982172502705266,0.44489497256829735,0.3427418913396188,0.5136195472422876,0.3583279702850106,0.43534091759200044,0.4157083816369956,0.45909645629335977,0.3294929537135315,0.3721248715765604,0.35957602330310356,0.438715962588075,0.4036841233054985,0.38145874885948156,0.5365885234171787,0.44426692732654566,0.3102080302313549,0.33505518684827135,0.46957368134223604,0.4088561076140281,0.41094897256778323,0.37293268086688086,0.5014318526152037,0.36307753077999017,0.40043495214349417,0.4454470294194886,0.3580729583713532,0.4218226777025802,0.4383265472663243,0.47759464548903247,0.404220432374554,0.45052330771196114,0.4429842809984242,0.3317379792480852,0.385008805588057,0.37354892212879937,0.34870839055381864,0.45239087194431493,0.43726647294900195,0.4526547891380241,0.37955245412862093,0.4319319516646348,0.47532500278575646,0.48903173631693525,0.42340662995590855,0.4354750798971611,0.42988587058204075,0.4102043275332476,0.43204900824470777,0.42561675503281404,0.4215395401365296,0.3471615707096913,0.42309078962759283,0.35893819015016953,0.3445317843269994
αzalea,0.6133623898061781,0.6676585986279001,0.5568128285646606,0.6515335523594034,0.6721084539907423,0.6382044446518778,0.6182210698384561,0.6377128479133002,0.6493856181039573,0.5159864261492321,0.599515081435052,0.6445011324691123,0.593034778677051,0.6251363854193911,0.5497889613760947,1.0,0.6818761807964475,0.5533697583457533,0.6812966193566115,0.5721185208230248,0.7635765424475783,0.7348742726274037,0.6233608930503881,0.6365970141433274,0.6768926955885304,0.49725136936198766,0.49915590095614315,0.5539735942907872,0.6118664773495671,0.5441420515315697,0.545702682270533,0.7019433897878168,0.6825631741275239,0.5837882385982063,0.6682880486642171,0.5990685152396191,0.5620718214692448,0.6428605153029893,0.6227475966496901,0.6161212618550167,0.665748282915969,0.5773043801566587,0.6674387150810667,0.6650031602478551,0.6417390418025419,0.46766273878099074,0.6035001363783883,0.6457465630779715,0.679704064631228,0.6463466145207579,0.551185239776099,0.6194043339323029,0.6137439771586872,0.6383076820924127,0.6275657745223254,0.5984188278920521,0.6546236917929964,0.6043593972145394,0.5550103621061063,0.5631872944837926,0.5601942711029447,0.5712939106211239,0.6087806248335268,0.6049144237272159,0.5826826554272105,0.5954778021860364,0.6147522875015048,0.6317466302050229,0.6417337302198654,0.6973946848941524,0.5953463320381385,0.5709185855405663,0.45993034394407034,0.5829833027869784,0.6433357421543183,0.5275648219048933,0.5260457886209494,0.6122837479150831,0.6170877076138453,0.5236182156841015,0.5585379816764148,0.5515128489936562,0.6185100343184363,0.5922330031083028,0.5880579522896779,0.6538877573469195,0.5678741733423672,0.5726622452442544,0.5956830063740051,0.642534596513397,0.5867250267051952,0.6197564635499909,0.6567499550810122,0.6053149737317934,0.5752262712801716,0.6015836038473261,0.6491907183527263,0.5908968351189021,0.617862788571492,0.5835330392868865,0.50893771722309,0.5847950111315381
Bad Elixir,0.5381749186750102,0.5865723284210742,0.4647879193510652,0.5566703265480577,0.6073209424220251,0.5628572190718588,0.48168721164677736,0.5898194150804936,0.5249751095847565,0.5869765709738152,0.5013502371969327,0.5479459067059481,0.5304891588017172,0.5365899487738531,0.5477794798971045,0.6818761807964475,1.0,0.5928557523069715,0.6865224092703937,0.6311657049835127,0.69495817423685,0.7591259082211778,0.6023983060975814,0.5406959818500611,0.6715939644434253,0.3988307484861931,0.421155963140541,0.5316664726537476,0.6060795434416562,0.530436143966164,0.5002213876203452,0.6441541432048078,0.655492265536601,0.6489476263119076,0.669979256973257,0.5782546398458963,0.4859015185883987,0.5903185648185385,0.5510383630748452,0.5184149879182712,0.635100743963021,0.5722261812394926,0.6452088238260139,0.5829672255465617,0.7078602596408693,0.438055180157436,0.6004829487405602,0.618696995849004,0.5068632804045231,0.5615711838578917,0.5106822755749502,0.571634079184218,0.5172788001433173,0.5332951310599254,0.5877255844716947,0.5106736923198166,0.6061063351426295,0.4845423010702696,0.5558113220804638,0.5312682592227487,0.4714917516815128,0.5441692609715088,0.5503220036860974,0.5371721221419478,0.5249219023217024,0.5269010982838191,0.556987130561231,0.5245288027632725,0.5106072052780154,0.6773712279484949,0.5019478752241924,0.4849078125990499,0.4651473820953663,0.44027346893467917,0.5002020178055028,0.42138723017108354,0.4267409310857715,0.4707609184890903,0.5233016411159246,0.46354349834366215,0.5004787121150124,0.49450932065857717,0.5325933981816439,0.4403617120972846,0.5238633298131706,0.6252419869282481,0.5791939731083968,0.44184736060364177,0.5155024845188262,0.6110183243066928,0.5521645753841992,0.6011246735942694,0.5700556412879451,0.619407314419837,0.5025171903581885,0.4510172872797661,0.5049470469769403,0.4731432764302944,0.507425752240487,0.5124405015589479,0.3854434240876214,0.40455076241143884
Chronomia,0.39506835295662346,0.39452664556619066,0.3528042565279133,0.45021667027495194,0.4098646761158961,0.3692890146292202,0.4012995603168172,0.3599040095648813,0.3055897548952241,0.5065464488553562,0.2676626162889943,0.31283049860115436,0.38229900535676475,0.32398633156042284,0.49771481735701806,0.5533697583457533,0.5928557523069715,1.0,0.5195458107366944,0.5933208215267376,0.4870882993011528,0.4618395799677975,0.4271905493808645,0.4528573583890319,0.49023216136206355,0.5225644872401238,0.32745485785652856,0.5036110008116531,0.38369323684806556,0.43931727310036245,0.5422994093988822,0.49428721507874873,0.46169785578206274,0.4792820689548125,0.47296799004123324,0.3891166162504109,0.40074870236768917,0.3604206318281843,0.40173225599403733,0.40802534648695415,0.44687301889500297,0.35806673807514106,0.5013648150203224,0.3672632754183402,0.5546498141599484,0.3047954631703245,0.43101187811651565,0.37347136972336603,0.3286926681252502,0.33649206417010874,0.48491492743331055,0.34745491213909924,0.3283310121530126,0.39597002083262617,0.41187371963220776,0.2833170600413872,0.35386477252136467,0.26268889529954714,0.36677434714312734,0.48808337088105563,0.2763470497841354,0.4380661927368014,0.3613520567754902,0.31298583689880083,0.31448578104890673,0.36222651566563685,0.3377469543470841,0.36228100810834435,0.38238465007993877,0.4657846888255139,0.3442787276802207,0.4096558028186787,0.47195332587359556,0.2746373662727867,0.30932455402397524,0.2495277457045964,0.3588619393904731,0.3238999722236993,0.3588227924096521,0.36800049103899984,0.30899316930360854,0.29435819228599275,0.30128999567080317,0.2953056155975348,0.4748177552400711,0.4504825032962184,0.4045086707129544,0.38575162292009235,0.45893467690736994,0.44707221758138266,0.39373387384872965,0.3840245915275924,0.3542219311148486,0.43287556851703735,0.32326100546301456,0.31421812683289163,0.36218851972950644,0.3973078103302755,0.2644194505694206,0.326882855318286,0.20957867393296112,0.22801417664629808
onslaught -Retaliation of Bahamūt-,0.5839908073770871,0.5665377284474882,0.5008113210346974,0.6010843925312637,0.6465316238350604,0.5679940585667524,0.5043897453756961,0.5694239604876121,0.5028758895014414,0.5027433645397149,0.5124294088513428,0.5627678595029284,0.5937045270029944,0.5390111030752938,0.547423726001992,0.6812966193566115,0.6865224092703937,0.5195458107366944,1.0,0.5624062041659406,0.6988569507229386,0.7552260845825082,0.5820257911033357,0.5399980149649605,0.671154029684215,0.41362120724941825,0.43968869927495513,0.5107310915667888,0.57380866576118,0.4884077022715707,0.53063024576166,0.6955860762419859,0.6567220352278876,0.566832311919706,0.6259170083525567,0.5874010330565695,0.5026876175173048,0.6193492661463534,0.5277465929975471,0.5294316670418953,0.6463579344189145,0.5902621922981132,0.6032123349185406,0.5737219232249098,0.6561735720627683,0.421763279862318,0.5630834931896075,0.5761619604194899,0.4804128783182382,0.5354758697640554,0.5346480261854113,0.538998181393984,0.5582906613132972,0.47863258516005397,0.5221916340548953,0.48932155410762446,0.5745133064744969,0.5139409088407885,0.5125529011350032,0.4638690280513375,0.5015791298497775,0.5275783579619715,0.5207675043873707,0.5292688169089379,0.5011415035741247,0.5169476718160124,0.5586060312218872,0.4846322937464464,0.47954302736660837,0.6490059612196156,0.4566924141441046,0.47221704048233387,0.4730033783756218,0.49074628189734576,0.5458975543698283,0.47047843162947955,0.46299130868043564,0.5093237069096588,0.5241755835852413,0.48586086293262826,0.48008054660647553,0.4629917903696879,0.5346202693930678,0.44803126710782676,0.5102692297354251,0.606228938326779,0.5565844487945358,0.4351546227737679,0.45611803525746786,0.555560746052992,0.5274035403521045,0.5458716090357417,0.5643521851299649,0.5612936463409237,0.49194490864284773,0.4815791193610976,0.4878426334524868,0.4499188824144202,0.4953128696752791,0.5021394031116163,0.3953437247259174,0.38080584795495903
